0.0225
0.028
0.003375
0.003375
0.024
0.008
0.008
0.027
0.004875
0.06
0.018
0.0015
0.001125
0.018
0.032
0.001
0.0036
0.001
0.02
0.009
0.018
0.009
0.02093
0.020944
0.004845
0.007935
0.024675
0.002304
0.000858
0.0234
0.008
0.0225
0.00391
0.001152
0.00084
0.000588
0.001152
0.000945
0.003128
0.00364
0.003
0.003
0.003
0.003
0.003
0.003
0.003
0.003
0.003
0.003
0.000588
0.000588
0.000588
0.000588
0.000588
0.000588
0.000588
0.000588
0.000588
0.000588
0.0351
0.0002
0.00234
0.00816
0.0005
0.00068
0.0189
0.036
0.024
0.006
0.005625
0.014112
0.176
0.0012
0.0012
0.0012
0.0012
0.0012
0.0012
0.0012
0.0012
0.0012
0.0012
0.0012
0.0012
0.0012
0.0012
0.0012
0.0012
0.0012
0.0012
0.0012
0.0012
0.01152
0.044955
0.0407
0.00168
0.00684
0.00675
0.006
0.010032
0.00864
0.00396
0.014652
0.005096
0.0036
0.000343
0.000729
0.00315
0.014
0.00056
0.001536
0.00156
0.001638
0.007722
0.01309
0.002944
0.00322
0.005304
0.000125
0.001296
0.000198
0.00494
0.00056
0.00276
0.00396
0.000405
0.000288
0.00504
0.00162
0.019278
0.0052
0.00032
0.000612
0.00065
0.000792
0.00084
0.014688
0.324
0.00144
0.0048
0.000336
0.008316
0.00225
0.00072
0.00015
0.00015
0.00015
0.00015
0.00015
0.00015
0.00015
0.00015
0.00015
0.00015
0.000216
0.000216
0.000216
0.000216
0.000216
0.000216
0.000216
0.000216
0.000216
0.000216
0.00289
0.015
0.01
0.001008
0.005616
0.0026
0.0012
0.00612
0.0216
0.01716
0.00096
0.0054
0.0105
0.01218
0.003
0.111
0.032
0.0126
0.05265
0.0028
0.002106
0.0038
0.0288
0.002
0.005
0.0169
0.012672
0.0001
0.00675
0.0075
0.01125
0.006696
0.00099
0.0034
0.00384
0.01045
0.0025
0.00132
0.00204
0.00192
0.0036
0.004256
0.00063
0.0028
0.00765
0.0448
0.02625
0.015
0.0396
0.00189
0.00532
0.015
0.000378
0.0008
0.00063
0.0096
0.007616
0.00168
0.018
0.0099
0.002592
0.02295
0.0021
0.00448
0.001728
0.021
0.042
0.00696
0.0096
0.01377
0.0084
0.006
0.009
0.01188
0.0028
0.0006
0.0052
0.06
0.001
0.004
0.006825
0.037
0.0015
0.0007
0.0007
0.0007
0.0007
0.0007
0.0153
0.01653
0.03132
0.0125
0.0096
0.0018
0.00306
0.0017
0.012006
0.00117
0.00361
0.00312
0.00078
0.00026
0.0198
0.014283
0.000175
0.004301
0.02584
0.002002
0.0027
0.002754
0.01156
0.005712
0.002431
0.021
0.00855
0.003744
0.002652
0.0054
0.00208
0.05418
0.001881
0.01925
0.02812
0.004104
0.006936
0.036
0.00357
0.0319
0.020672
0.0162
0.025296
0.003332
0.002704
0.0064
0.00216
0.003276
0.002376
0.014322
0.00105
0.004864
0.003192
0.005776
0.021
0.0168
0.01875
0.014
0.01485
0.00072
0.00036
0.00748
0.031
0.012672
0.02325
0.00144
0.045
0.01152
0.011616
0.010925
0.0048
0.004
0.042
0.00504
0.01026
0.012
0.0016
0.044
0.002625
0.1064
0.01064
0.01377
0.0022
0.01725
0.01155
0.01104
0.04305
0.04576
0.04485
0.0246
0.009856
0.00663
0.024
0.0288
0.015552
0.008602
0.009936
0.047656
0.0018
0.12654
0.06045
0.045
0.108
0.1053
0.225
0.24192
0.0504
0.07425
0.121275
0.0455
0.0216
0.0399
0.0012
0.003
0.004488
0.00306
0.0174
0.0216
0.07406
0.0252
0.001089
0.00696
0.104
0.007803
0.001764
0.08775
0.032
0.02625
0.1536
0.04
0.015
0.02886
0.003
0.050616
0.008
0.00544
0.006498
0.0081
0.04
0.0192
0.03
0.009
0.0312
0.02552
0.02442
0.037
0.042
0.001122
0.001122
0.001122
0.001122
0.001122
0.08
0.014
0.05
0.003
0.006144
0.0021
0.016632
0.00189
0.008712
0.01265
0.056
0.0126
0.0133
0.0108
0.0054
0.013125
0.0702
0.00686
0.007125
0.16368
0.0192
0.0192
0.0192
0.00128
0.0506
0.01755
0.021
0.021
0.02432
0.355355
0.04995
0.042
0.21714
0.06845
0.015488
0.042875
0.02625
0.024
0.008075
0.00285
0.0408
0.0064
0.00264
0.000924
0.024
0.0034
0.018
0.015
0.0216
0.057722
0.03808
0.0108
0.03
0.004
0.19092
0.0144
0.016
0.01134
0.033
0.006
0.245
0.024
0.0075
0.0009
0.0315
0.0027
0.00252
0.042
0.0168
0.00306
0.02592
0.05544
0.06216
0.0114
0.012369
0.015
0.0616
0.01035
0.002
0.00243
0.081
0.0048
0.0216
0.1804
0.018
0.121
0.001372
0.0066
0.05439
0.00792
0.03354
0.00648
0.00189
0.06
0.01188
0.01044
0.06048
0.0072
0.002448
0.006804
0.0513
0.002
0.024
0.006
0.021
0.0175
0.04875
0.030932
0.0008
0.01
0.01
0.01
0.01
0.01
0.01
0.01
0.01
0.01
0.01
0.005175
0.005175
0.005175
0.005175
0.005175
0.005175
0.005175
0.005175
0.005175
0.005175
0.08448
0.04875
0.0084
0.002016
0.063
0.03
0.01408
0.0315
0.04
0.063
0.105
0.0506
0.1326
0.4532
0.1089
0.0752
0.072
0.072
0.072
0.072
0.072
0.072
0.072
0.072
0.072
0.072
0.033
0.00864
0.03108
0.00621
0.00621
0.00621
0.00621
0.00621
0.00621
0.00621
0.00621
0.00621
0.00621
0.084
0.024
0.024
0.024
0.024
0.024
0.024
0.024
0.024
0.024
0.024
0.024
0.066625
0.01518
0.05244
0.02275
0.03404
0.12
0.081
0.0304
0.03192
0.063
0.165
1.2551
0.144
0.6588
0.036
0.036
0.036
0.036
0.036
0.036
0.036
0.036
0.036
0.036
0.00646
0.00646
0.00646
0.00646
0.00646
0.00646
0.00646
0.00646
0.00646
0.00646
0.00646
0.00646
0.00646
0.00646
0.00646
0.00646
0.00646
0.00646
0.00646
0.00646
0.036
0.072
0.035