25.9200
19.8000
19.2000
14.0400
13.5000
7.4800
7.0560
6.8040
5.6000
4.1800
3.8400
3.2000
2.9120
2.8000
2.7000
2.5200
2.4200
2.1600
1.9040
1.8720
1.6900
1.5840
1.5000
1.4960
1.4400
1.2675
1.1340
1.0560
1.0200
0.9900
0.9350
0.9240
0.8820
0.8450
0.8400
0.7040
0.6930
0.6480
0.5880
0.5460
0.5280
0.5040
0.4800
0.4800
0.4620
0.4590
0.4500
0.4500
0.4455
0.4320
0.4320
0.4200
0.4000
0.4000
0.4000
0.3840
0.3750
0.3600
0.3600
0.3600
0.3520
0.3430
0.3300
0.3250
0.3200
0.3150
0.2880
0.2835
0.2800
0.2750
0.2750
0.2730
0.2700
0.2600
0.2520
0.2520
0.2295
0.2160
0.2100
0.2100
0.2063
0.2063
0.2000
0.2000
0.1980
0.1950
0.1925
0.1856
0.1800
0.1785
0.1760
0.1760
0.1733
0.1688
0.1680
0.1650
0.1650
0.1620
0.1600
0.1600
0.1600
0.1600
0.1575
0.1540
0.1500
0.1488
0.1440
0.1440
0.1430
0.1400
0.1400
0.1400
0.1350
0.1350
0.1320
0.1280
0.1280
0.1215
0.1210
0.1155
0.1125
0.1120
0.1080
0.1050
0.1050
0.1040
0.1013
0.1000
0.0980
0.0980
0.0960
0.0945
0.0900
0.0900
0.0900
0.0875
0.0875
0.0875
0.0840
0.0840
0.0840
0.0840
0.0840
0.0840
0.0810
0.0800
0.0788
0.0756
0.0750
0.0750
0.0735
0.0735
0.0720
0.0720
0.0720
0.0700
0.0700
0.0700
0.0700
0.0675
0.0675
0.0660
0.0630
0.0630
0.0630
0.0613
0.0600
0.0600
0.0600
0.0578
0.0563
0.0560
0.0560
0.0550
0.0540
0.0540
0.0540
0.0525
0.0525
0.0525
0.0525
0.0525
0.0506
0.0500
0.0500
0.0500
0.0481
0.0480
0.0480
0.0473
0.0450
0.0450
0.0450
0.0440
0.0438
0.0420
0.0405
0.0405
0.0400
0.0400
0.0394
0.0394
0.0360
0.0360
0.0360
0.0360
0.0360
0.0360
0.0350
0.0350
0.0350
0.0350
0.0350
0.0350
0.0338
0.0338
0.0315
0.0315
0.0313
0.0313
0.0306
0.0300
0.0300
0.0300
0.0300
0.0300
0.0300
0.0280
0.0280
0.0270
0.0250
0.0250
0.0245
0.0240
0.0240
0.0240
0.0240
0.0225
0.0225
0.0225
0.0225
0.0225
0.0210
0.0203
0.0200
0.0180
0.0180
0.0180
0.0180
0.0175
0.0175
0.0158
0.0158
0.0150
0.0150
0.0150
0.67
1.14
0.03
0.01
0.05
0.02
0.02
0.20
0.10
0.02
0.06
0.07
0.05
0.12
0.05
0.05
0.03
0.09
0.08
0.06
0.04
0.46
0.04
0.01
0.03
0.07
0.91
0.01
0.17
0.10
0.01
0.03
0.02
0.1080
0.0225
0.0360
0.0280
0.0640
0.0360
0.0900
0.0390
0.1920
0.0105
0.1080
0.1200
0.3465
0.1050
0.2600
0.1875
0.0480
0.09
0.09
0.15
0.03
0.81
0.10
0.01
0.02
0.05
0.20
0.64
0.65
0.02
0.01
0.14
0.29
0.10
0.04
0.14
0.06
0.05
0.11
0.54
0.26
0.37
0.26
1.58
0.09
0.09
0.03
0.01
0.27
0.33
0.08
0.06
1.12
0.11
0.04
0.14
0.05
0.06
0.08
0.02
0.05
0.06
0.01
0.06
0.02
0.05
0.42
0.16
0.04
0.05
0.02
0.02
0.01
0.13
0.06
0.06
0.14
0.04
0.05
0.19
0.05
0.28
0.06
0.08
0.09
0.17
0.96
0.23
0.59
0.20
0.28
0.09
0.15
0.02
0.08
0.01
0.02
0.04
0.06
0.02
0.07
0.05
0.03
0.01
0.30
0.16
0.02
0.02
0.05
0.07
0.03
0.36
0.05
0.09
0.04
0.02
0.19
0.10
0.23
0.07
0.06
0.03
0.04
0.05
0.20
0.07
3.60
0.01
0.01
0.02
0.04
0.58
0.04
0.02
0.01
0.02
0.04
0.11
0.01
0.01
0.12
3.19
0.06
0.02
0.58
0.02
0.01
0.03
0.09
0.02
0.05
0.05
0.06
1.13
0.03
0.02
0.01
0.01
0.16
0.04
0.09
0.56
0.05
0.02
0.04
0.01
0.28
0.01
3.20
0.11
0.02
0.06
0.02
0.03
0.01
0.01
0.03
0.03
0.01
0.10
0.11
0.02
0.06
0.03
0.04
0.02
0.63
0.01
0.15
0.08
0.01
0.15
0.05
0.02
0.06
0.04
0.06
0.08
0.47
0.19
0.03
0.01
0.04
0.02
0.38
0.01
0.02
0.22
0.13
0.02
0.08
0.13
0.11
0.32
0.01
0.01
0.03
0.11
0.03
0.06
0.03
0.05
0.14
0.16
0.15
0.09
0.04
0.02
0.08
0.02
1.27
0.06
0.60
0.02
0.29
0.01
0.04
0.19
0.02
0.08
0.05
0.05
0.02
0.05
0.03
0.11
0.02
0.04
0.12
0.21
0.16
0.04
0.18
0.02
0.02
0.02
0.10
0.65
0.03
0.02
0.06
0.04
0.07
0.04
0.08
0.08
0.08
0.17
0.14
0.04
0.26
0.03
0.01
0.02
0.03
0.03
0.45
0.12
0.12
0.32
0.07
0.04
0.02
0.07
0.02
0.25
0.12
14.52
13.88
5.82
4.06
4.86
12.60
0.09
0.12
0.08
0.02
0.00
0.01
0.01
0.03
0.13
0.06
0.02
0.04
0.04
0.66
0.01
0.01
0.01
0.04
0.06
0.02
0.10
0.06
0.12
0.05
0.01
0.01
0.06
0.53
0.03
0.09
0.02
0.09
0.18
0.05
0.05
0.03
0.19
0.01
0.08
0.06
0.02
0.04
0.02
0.02
0.24
0.08
0.05
0.04
0.04
0.19
0.03
0.31
0.18
0.13
0.17
0.15
0.08
0.05
0.08
0.39
0.13
0.07
1.05
0.20
0.03
0.02
0.02
0.03
0.09
0.17
0.13
0.03
0.12
0.05
0.03
0.03
0.02
0.02
0.04
0.02
0.01
0.08
0.04
0.02
0.06
0.03
0.04
0.06
0.03
0.08
