19.20
1.27
1.90
0.92
0.99
0.20
1.69
7.06
7.48
4.18
1.02
3.84
0.84
0.36
0.48
0.59
0.14
0.18
0.65
1.50
0.48
0.38
0.28
0.43
0.85
1.06
0.33
0.55
0.20
0.46
2.52
1.58
0.69
2.91
2.80
0.40
1.13
13.50
2.42
0.36
1.87
0.45
0.23
19.80
6.80
3.20
2.70
0.70
1.50
0.94
14.04
25.92
5.60
1.44
2.16
0.45
0.34
0.35
0.21
0.50
0.25
0.14
0.33
0.28
0.46
0.19
0.06
0.11
0.05
0.03
0.12
0.02
0.03
0.07
0.32
0.27
0.28
0.13
0.16
0.16
0.09
0.10
0.20
0.14
0.14
0.05
0.14
0.04
0.06
0.09
0.12
0.16
0.04
0.07
0.25
0.21
0.42
0.02
0.02
0.09
0.03
0.08
0.03
0.04
0.10
0.19
0.10
0.08
0.08
0.13
0.07
0.05
0.05
0.16
0.14
0.05
0.03
0.07
0.05
0.03
0.02
0.02
0.02
0.53
0.17
0.15
0.20
0.29
0.02
0.18
0.11
0.17
0.10
0.02
0.03
0.04
0.06
0.08
0.09
0.14
0.06
0.07
0.08
0.06
0.07
0.12
0.06
0.05
0.03
0.07
0.03
0.04
0.02
0.08
0.07
0.05
0.16
0.07
0.06
0.09
0.06
0.04
0.08
0.05
0.08
0.05
0.04
0.05
0.02
0.02
0.03
0.10
0.06
0.05
0.04
0.02
0.02
0.04
0.15
0.05
0.02
0.05
0.04
0.04
0.02
0.04
0.02
0.04
0.11
0.04
0.43
0.04
0.06
0.02
0.07
0.13
0.08
0.02
0.03
0.17
0.05
0.03
0.28
0.08
0.04
0.45
0.17
0.03
0.04
0.02
0.08
0.03
0.22
0.04
0.11
0.02
0.16
0.02
0.02
0.03
0.09
0.18
0.07
0.04
0.02
0.03
0.05
0.32
0.18
0.05
0.40
0.21
0.36
0.08
0.26
0.27
0.10
0.03
0.14
0.38
0.06
0.05
0.06
0.88
0.11
0.09
0.03
0.07
0.04
0.05
0.17
0.40
0.15
0.04
0.02
0.21